12345672121232 22230
12345672123212 22037
12345672321212 23618
12345673131323 21981
12345673132313 31291
12345673231313 26716
12345761111111 35479
12346571111231 16752
12346751113133 30067
12347561112212 21717
12347651111111 56674
12347651122112 21187
12347651133311 27935
12347652111221 19281
12347652123233 21148
12347652123332 22984
12347652223232 15262
12347653111133 19922
12347653132223 18811
12347653132322 17331
12347653332323 18121
12354671111111 39295
12354761112323 50244
12354762121112 20526
12354762121211 22152
12354762311123 14790
12354763131131 19507
12354763133111 18131
12354763211123 16338
12356471113133 22054
12356741133131 34817
12356741313131 27367
12356743113131 20158
12357461111222 25371
12357461113331 25944
12357462211112 21211
12357641113331 26941
12364571112212 25904
12364751112212 21763
12364751113133 25021
12364753311131 18701
12365471111111 44718
12365471211122 22079
12365471313113 15137
12365472223232 15111
12365472321233 16618
12365473232312 13278
12365473332323 17152
12365741113331 23760
12367451123333 46950
12367451132222 32694
12367451213333 25575
12367451312222 34437
12367452113333 22013
12367453112222 21325
12367541112212 30612
12367541113331 39787
12367541331131 16918
12374561121212 46938
12374561211212 28043
12374562111212 22336
12374651111222 25554
12375461111222 28197
12375641113112 18045
12376451111222 30080
12376451113133 30082
12376451221211 19464
12376541112323 38926
12376541232233 26173
12376541322233 19112
12376542121232 19015
12376542123212 19344
12376543133132 16517
12376543133231 15547
12456731132321 32707
12456731233223 17289
12456733223321 13235
12463751231231 15999
12467351131121 18851
12467351231321 16949
12473561132123 20290
12536741112323 27636
12537461332112 15399
12543671111111 38940
12543671211212 18800
12543671331113 18650
12543672121121 16226
12543672321332 12099
12543672322232 13150
12543672331232 11871
12543673111331 16472
12543673221323 15611
12543673231223 14438
12543673233323 16460
12546371221331 15524
12563472131213 17872
12563473131212 19277
12564733323122 14802
12567433232333 13454
12576343212221 16044
12637451132111 21182
12637451332112 14328
12643571321321 14437
12645371131121 18469
12673542331133 17659
12734561112323 28245
12734561322233 17627
12734562313223 11930
12745631111111 77580
12745632111122 18949
12745632212213 27053
12745632222221 18526
12745632232211 21032
12745633131131 16547
12745633313312 17765
12745633313333 19314
12745633323311 18920
12753462231323 18247
12763452322232 13163
12765432121313 15311
12765432222212 29965
12765433121213 22383
12765433331333 21527
13245671321111 21771
13246571111111 35314
13246571112233 21050
13246571113232 22834
13246572321332 18344
13246572331232 14285
13246573221233 15806
13246573321223 15705
13246752133211 22432
13247563212131 19326
13254761322233 22148
13254761323322 18697
13254762321233 19945
13254763323122 14211
13257641112233 21708
13265741112323 39062
13265742131312 21554
13267451122211 24603
13267451311133 26216
13267541111132 26446
13267541232212 23624
13274651112323 33369
13275461112233 23668
13275463213211 18732
13275641112233 27227
13275641112323 42350
13275642131333 15302
13275643212221 19691
13276451113211 30746
13276451233133 24524
13276541133122 19766
13276541213312 27652
13276541321123 18200
13276541322311 22667
13276541323112 16025
13276541323322 17726
13276542323312 15966
13276543323122 12189
13462571111111 30381
13462572213311 13820
13527461211113 17419
13542671231231 16041
13546271213213 13195
13546271231231 22675
13546271321321 15054
13572641122133 38516
13576241312213 33595
13576241321321 14139
13627451332112 15100
13642571221223 19933
13642571223221 24116
13642573221221 21943
13645271221331 15658
13647521111111 25311
13675241112323 24540
13675242331313 14356
13725642332132 17971
13754262123323 30908
13762451321321 12262
13764251211311 14695
13764252323231 13343
13765422121211 19078
14263751131121 21637
14267351321321 14610
14275633323122 14431
14325671111111 73327
14325672112121 16663
14325672231323 17003
14325672323222 16629
14325673123232 15082
14325673232333 13282
14325673311131 24371
14327652131213 19026
14327653121213 24089
14352672212111 17151
14356721112323 25458
14356721322233 28230
14367252322232 15295
14367523311113 35589
14523672121313 18839
14523673121312 26852
14527631121311 19837
14527631131211 18710
14527631133311 19578
14527631211131 21132
14527631311121 21322
14527632122213 14841
14527632212111 15269
14527632333332 18283
14527633132322 13643
14527633312133 14272
14536273311311 18628
14537622231323 13609
14563272323222 11884
14567231312213 29592
14567231321123 19278
14573261333111 23625
14625731111111 31085
14625731131121 20652
14625731322233 22546
14625732112121 16178
14625732113321 22252
14625732213323 18763
14625732233111 19911
14625733133111 12659
14632571111111 38161
14632571321132 19448
14652733321331 19354
14673251111111 32752
14723651111213 18481
14723651111312 23968
14723651112131 22756
14723651113121 19252
14723651211212 14964
14723652322121 14470
14723652331232 15515
14723653232222 12038
14723653313111 13972
14723653321313 24429
14725361111111 23210
14725361111123 16724
14725361322332 19911
14725362211121 21118
14725363211213 19135
14725363213121 13879
14725363223213 17418
14725363311113 22388
14726531223122 22305
14726531232122 28755
14726531233313 20680
14726531333312 17968
14726532232313 15701
14726533323122 13520
14735621221112 17760
14735621223113 12738
14735621223332 26653
14735621233112 20045
14735621323112 19595
14735621332112 12639
14735621333111 18468
14735621333222 15812
14736251111132 19738
14736251112332 18455
14736253222223 15021
14736521132222 17024
14736521133131 20023
14736521211212 16574
14736521213333 17434
14736521221313 16541
14736521321231 27214
14736521322233 21443
14736521332121 19024
14736523112222 16269
14736523113131 14292
14752363222121 13165
14752363232222 20150
14752363233131 15310
14752631111111 32475
14752631112311 23804
14752631323223 17446
14752632332132 14134
14752633213223 15727
14752633222223 15142
14752633223123 19312
14752633223231 14815
14753261221112 19651
14753261323112 21382
14753261333111 19494
14762351221331 16564
14762351321231 22358
14762351331221 14708
14763251221223 26430
14763251222312 28264
14763251332331 21197
14763251333123 22143
14763252322121 19913
14763253132232 16121
14763253133132 17461
14763253133222 20663
14763253133231 18862
14763253221221 20871
14763253222112 20492
14763521113211 21880
14763521113223 16326
14763523222331 15026
14765231111213 23326
14765231111312 23702
14765231112131 22702
14765231113121 20231
14765231133131 16968
14765232211211 17873
14765232232322 13826
14765232331313 14855
14765233113131 16034
14765233323332 13470
15236471111111 32596
15236473231121 15915
15243671331221 15477
15246371331332 24953
15246371332331 17930
15246372331331 16043
15267431223113 15258
15273641112323 32866
15324673113311 22594
15342671211311 17620
15346271321321 13185
15367421211113 26855
15367421223113 13593
15367423211123 21428
15426371111111 25968
15426371112233 19160
15463271313113 22515
15624732123212 25746
15624732133313 18564
15624732333332 13657
15627431223113 15315
15627431322113 20914
15627431332112 15166
15634722123332 25710
15634722321233 15400
15637423211123 25683
15642371111111 50883
15642372213311 17352
15642372231332 14338
15642372331322 16363
15642373212311 19598
15642373221323 21526
15642373231223 19634
15643271221331 16737
15643271331221 17007
15643273223111 17594
15647233213232 13572
15672341113232 20693
15672341323112 18703
15672342323312 14999
15672343213232 12896
15672433312133 18103
15724362212132 15405
15724631111111 27845
15724631211311 20465
15724631322233 24363
15724632123233 25334
15724632313223 16397
15724632323231 18056
15724632323333 16141
15724633132322 13885
15734622331223 15581
15746321111111 35083
15746321323211 18577
15746322313112 15382
15762342122213 26991
15763241111111 33268
15763242323132 13045
16243571132132 14340
16243571231231 17933
16243571321321 13339
16245371231231 17772
16254733312223 30726
16257431132111 21604
16257433223123 14377
16273541122133 28270
16273541321321 19919
16275341312213 36726
16275343122221 14316
16327453232333 12843
16342571331221 16228
16345271111111 46888
16345271133131 16958
16345271222111 24094
16345272322232 16324
16345272333212 14210
16345273122323 18496
16345273233323 20034
16347252131312 23092
16347253121312 23623
16357421223113 15088
16374521112323 24921
16374523211123 19897
16423572112121 16267
16427531211311 18398
16427531231321 22303
16427532333233 25181
16453271111111 33626
16453271211113 19500
16453272111131 14021
16475233132313 23276
16523473332323 13103
16523741112212 21597
16524731112212 28666
16524731112233 23900
16524731113133 22019
16527341111111 22645
16527431123333 28985
16527431222132 34640
16527431312222 40104
16527431333213 25674
16527432113333 22720
16527432211322 23853
16527432231122 19952
16527432231332 17365
16527432331322 17794
16527432333113 20979
16527433312133 19453
16532471111222 24753
16534271111111 28331
16534271111132 16550
16534273211111 18329
16534723211123 27538
16537421111222 17521
16537421113322 18338
16537421113331 21666
16537421223113 12745
16537421233112 20944
16537421332112 13512
16542371221331 13366
16542371331221 15400
16542372112331 20197
16543271221223 26955
16543271223221 24999
16543271331332 26031
16543271332331 20949
16543272331331 17073
16543273221221 22284
16543721111111 26816
16543721113211 18628
16547233332323 15649
16547321113331 27995
16572431111111 32110
16572433213223 15006
16573241123123 20761
16573241312312 15521
16574231113133 19908
16723451122133 25718
16723451322311 17618
16725431121311 18505
16725431131211 18616
16725431211122 20802
16725431211131 23320
16725431311121 17740
16725432211121 23289
16725432232223 11780
16725433113311 11172
16725433122212 12318
16725433333232 10409
16735242122213 21514
16742352232313 16617
16743252323222 12540
16745232121313 20126
16745232122222 16411
16745233121213 20614
16745233333313 26530
16753241221112 25168
17246351111111 31029
17265433111313 30799
17324561211323 21091
17324561232332 15484
17326452212111 28939
17356241212313 17394
17356242211331 22614
17362451211311 17663
17362451231321 17767
17362452213311 21695
17364251231231 19160
17423653213232 14841
17425631122112 22848
17425631223113 15492
17425631313113 18660
17425631322113 20732
17425631322332 26015
17425631323112 19451
17425631323223 17405
17425631332112 15840
17426531112233 22403
17426531121212 23620
17426531132312 22766
17426531213123 20389
17426531223221 15799
17426531232233 33613
17426531313131 22079
17426531331332 17786
17426532121211 21450
17426532331331 14567
17435622211133 21490
17435623211123 28855
17436521323232 20604
17452363213232 13642
17452363322132 13112
17452633213232 20762
17453262211133 15447
17462352213311 17461
17463251122112 18391
17463251221331 13674
17463251313113 19533
17463251321231 18287
17463251323112 20875
17463251331221 14890
17526431131121 17055
17526431231321 22579
17526432123233 27526
17543261111111 35162
17543261132111 16401
17642531111111 27681
17642531112233 24390
17642533312211 13748
17643251122112 19522
21345671111111 24310
21345762223322 30095
21345762312323 24126
21345762313223 21231
21345763332233 24300
21346752313322 29793
21347562312323 33221
21354671122112 17906
21354671131313 23473
21354671221112 17474
21354672311123 24536
21354672311132 28434
21354672313211 70401
21354673131113 16923
21354761112233 18921
21354761112311 17798
21354761113211 19409
21354761113322 17551
21354761122211 22229
21354761133311 20850
21354762213311 20429
21354763312211 23984
21357462311111 28015
21357463213331 16205
21357642221132 28427
21364752311111 22820
21364753212212 15614
21365742221312 21796
21365742312323 23496
21367451311331 16521
21367452112112 14004
21374653333121 17143
21375462312233 21508
21375463333211 24456
21376541111123 18692
21376541112311 17392
21376541122211 23029
21376541131133 18044
21457631321123 25425
21473563331312 25141
21536742222131 28066
21654372231323 30012
21654372233321 20758
21654373332122 18556
21654373332221 19017
21734652123131 19475
23147562123131 24199
23147651112323 18200
23147652312323 17749
23156471222132 15389
23156471333132 17056
23156473323332 15455
23157461231333 22186
23157462131123 30151
23164573213133 16007
23164752131312 26150
23164753333313 22678
23165471111111 18319
23165471311133 16412
23165471312132 13935
23165472111122 17326
23165472111332 13984
23165472132332 21988
23165472311111 16970
23165473233221 23564
23165741112323 26658
23165741231312 21467
23165742123131 24772
23165742131321 37466
23165742131333 46258
23165742312323 24102
23165743331312 31528
23167541233322 20547
23167542131222 24885
23174652123131 23831
23175463211222 16631
23176452132221 20615
23176453332233 23567
23416752121211 24454
23417563232123 13129
23456173212332 13875
23456173233122 14429
23456713212332 15273
23475162121112 23611
23517462131333 25128
23576412233321 14874
23576412312323 20340
23657142121112 27137
23671452122333 34685
23674153232321 12828
23751461132123 16146
23751463112321 18043
23756143222331 15921
23756411222312 20980
23756413222112 21508
23756413223312 17659
23756413322312 18655
24153672321233 24921
24157361313212 14962
24157362323111 19161
24167353132232 27760
24173652323231 17836
24315673311311 32056
24315761122322 19989
24315762213323 31184
24351671212211 22719
24351673111133 25277
24351673311311 28552
24351761111123 34532
24351761212232 17485
24367511323112 20160
24367513111121 13327
24376512222122 31542
24516732233111 31087
24531673123121 16257
24536713231232 18010
24537613231322 26710
24561372111131 22829
24563711121212 25915
24563712121232 33028
24563713121222 32416
24571362221213 24696
24571631121212 19816
24615371112332 16426
24615372213311 41907
24615731122313 26801
24615731132333 35972
24615732111323 25883
24615732213311 24378
24615732233321 26247
24615733113323 30530
24615733311122 19339
24617532233321 29933
24637512311132 34087
24651731113223 15162
24651731333333 15277
24715363311332 18652
24715631111111 21860
24715631122121 20191
24715631122133 17341
24715632313223 25264
24715633112111 12026
24715633131131 21578
24716532323231 26690
24731561111111 36139
24731562311231 23643
24736512222332 35008
24751362221231 39889
24751362321113 35794
24761531221223 22927
24763151111111 19672
24765313222112 18914
25134672233321 25588
25134672312323 14695
25134672313211 21705
25137461111111 19324
25137461211323 13507
25163741112323 17572
25314673111313 42032
25314673111331 36536
25314673131311 40403
25341673113311 38488
25341762313223 30527
25364172311231 31563
25364173223231 16680
25367411211122 27931
25413672323111 35154
25413763121222 21693
25436711311313 14839
25436712123122 20131
25436712123332 27769
25436712132122 18462
25436712323231 18038
25436713232321 15840
25436713332122 19313
25463713212332 17587
25471362323132 21425
25471631312213 23750
25631741212121 37027
25634713321232 22740
25641371213132 17848
25714632123131 32076
25714632223331 23429
25714632313211 76849
25714633121333 24107
25716431212223 23147
25716433223213 16193
25731642232211 40335
25734162221111 19627
25734613113323 25795
25736141111123 19839
25736141233232 23355
25736411133113 16035
25736411231321 18565
25736411321312 14227
25736411331113 15651
25736413123112 16705
25741361232113 27030
25741632222323 20394
25741632312323 19159
25743611233232 17400
25763142223133 24392
25763411332322 18746
26135742132221 23109
26135742213323 18398
26135742332312 19641
26153471122121 18964
26153473131131 22200
26153473132121 17124
26154372332213 42931
26175432331133 23671
26317451212211 31855
26345711223113 11875
26371453112111 16824
26415731322323 17128
26415732121223 15232
26415732233321 23760
26435712222122 44684
26435712233321 24015
26435712311132 31531
26435712322322 38909
26435713311122 21826
26435713333133 19965
26437512122312 24960
26453172211133 25892
26453711333333 12986
26513471122121 20272
26517343333313 22611
26534713333313 25689
26543171111111 18764
26543171123111 12904
26547313131323 28255
26573413331312 20360
26714531212133 22375
26714532121133 23000
26715433231322 18123
26741351232113 17300
26743512121232 32509
27134561131133 24723
27154632311132 15680
27314652313211 35922
27365412321212 33865
27415363131113 22919
27415632323231 26960
27415633321322 25941
27416532133232 18492
27416533321232 20600
27435612122222 27659
27453161123111 14322
27453161132111 16439
27456133132223 19680
27516341111111 15367
27534161111111 15893
27534161111123 21911
27534162311111 18100
27534612311132 29807
27536412332312 23225
27543611111123 18576
27543611111132 17172
27546312231122 39156
27613543333133 22643
27614353311332 18750
27615431312333 21302
27615432113321 34851
27615433313213 17982
27634511131133 14769
27634512233321 20260
27643513311233 24339
31246753312211 35182
31247651113232 19807
31247651323232 19939
31256471231222 20059
31257462222221 20889
31257462312311 21372
31257643311122 30201
31264572122213 19627
31264573132313 16694
31264573222223 16662
31264752132122 15144
31264752313121 28023
31265471111111 28426
31265471122112 15791
31265471122133 19897
31265471312213 23084
31265471313113 16283
31265471321111 15653
31265472233321 26737
31265472312233 23711
31265741233331 21098
31267542222233 18767
31267542313133 36925
31275461112233 22521
31275461322233 26127
31275462133211 16368
31275462223211 15642
31275462311213 32460
31275462312212 34383
31275463311122 37822
31276452133322 13979
31276452313313 25263
31452671323211 16759
31452671332232 15448
31452672322331 16137
31456722111221 17988
31462751111111 19380
31462751113322 18366
31475261322233 21052
31475262331313 23709
31475262333221 20775
31524673332122 24753
31527643332122 12947
31564272212111 28619
31564272213311 15335
31564273113311 21569
31572461122133 18462
31624751112233 13400
31624753312211 17945
31627452221333 23488
31654272313322 29085
31754621331122 25050
31765242322121 19784
32145671111111 34099
32145671123333 18632
32145671132222 23954
32145671221112 14956
32145671333333 19093
32145672113333 15028
32145672212222 12497
32145673112222 13129
32145673311113 23690
32146751232323 25486
32146752232223 31029
32147562313223 16367
32147562333233 35290
32147651123333 24238
32147651132222 26743
32147651213333 26373
32147651312222 25715
32147652113333 27376
32147652231332 26077
32147652233213 38400
32147652331322 23501
32147652332213 30762
32147653112222 26317
32156471111111 20674
32156471113211 12875
32156471232332 14227
32156472312332 14397
32156472332132 16808
32156472332321 17307
32156472333332 22414
32156473223123 12701
32156741112323 31035
32156742311123 20778
32156742313223 21237
32156742333131 17723
32157641232323 24926
32157642231323 23694
32164571111111 23931
32164571111231 13652
32164571232323 23948
32164572232223 27247
32164572232313 26313
32164572233321 28070
32164572312323 19586
32164573323212 13475
32165741111111 27394
32165741111132 12709
32165741233223 15811
32165742211112 16798
32165742331112 18931
32165743311131 18305
32167451111111 25116
32167451213333 14775
32167451222222 13083
32167451312222 16574
32167451333111 16970
32167452211121 14201
32167453222313 11595
32167453313333 18297
32167453321232 13547
32174561112323 23395
32174561232113 30473
32174561232233 29260
32174562231212 26689
32174652312332 14484
32174652332132 17170
32175461111111 23065
32175461113112 13313
32175461221112 13445
32175461333111 18485
32175462233111 28055
32175462312323 23990
32416753121222 32637
32417562113321 31425
32417652132131 13804
32417653132121 12520
32451762331121 14058
32456173212332 16654
32456711233133 27841
32465172112121 17737
32465172132131 17405
32465172133121 14001
32465172332321 17607
32465173123121 13930
32465173132121 14968
32465173133111 19501
32465173233221 18925
32475161232323 20333
32475163331222 16271
32476513232231 14454
32517463131311 32932
32546713323212 18435
32547611121113 18362
32547611131112 26783
32547611213111 13806
32547611312111 16359
32547612111311 14984
32547613111211 18608
32561471113133 19864
32561471121311 22298
32561471122211 19504
32561471131211 22516
32561471211131 23553
32561471311121 17814
32561472133313 26075
32561472213122 20908
32561473222223 15349
32561473323212 16413
32567412122222 28303
32567412131312 31416
32567412222212 32137
32567413131212 24959
32567413133333 22221
32576142313223 15689
32615473332122 15508
32647152133121 19554
32647153132121 13101
32647512333233 24049
32657143121213 22999
32657412111212 28882
32671453123313 25361
32674152113333 32121
32714652332132 14268
32716452123212 30244
32741651121311 30167
32741651131211 23150
32741651211131 18318
32741651311121 17781
32741652111113 16714
32741653111112 19168
32745611223332 15736
32745612313322 23419
32745612322331 14340
32751643321232 18942
32754163211123 16499
32756141233121 19535
32761452121313 24296
32761452122222 20711
32761452222212 17418
32761453121312 34786
32761453133333 25804
32765411112221 18322
32765411121113 16892
32765411131112 25442
32765411133113 13547
32765411331113 15524
32765412221312 20670
32765412323222 20455
32765413122212 21213
32765413223312 15842
32765413231223 16151
32765413322312 14666
34125672131213 26922
34125672131312 28637
34125672221222 17399
34125673133333 24683
34127651121113 20558
34127651131112 23207
34127651213111 14837
34127651312111 13895
34127652111311 15315
34127653111211 15234
34162752132212 36851
34165271112212 16243
34165271121311 20934
34165271131211 26781
34165271211131 18110
34165271311121 15194
34165271311133 13973
34165272323333 18944
34165273133312 31443
34165273222322 13100
34165273311131 14141
34167252213323 19957
34172562132332 24456
34172562313331 16359
34175263321232 19380
34216572213122 30933
34261572132131 14569
34261572133121 13516
34261573123121 11667
34265712212132 29750
34275161312213 18868
34275162112322 22553
34275162213221 25212
34516271111111 22317
34516272312332 19188
34516722313223 27478
34517622231323 19611
34521672223232 16228
34526713232312 21686
34527612211322 33933
34527612231122 30327
34527612231332 28274
34527612331322 26115
34527613312133 24847
34561272122123 18637
34561272122321 29507
34561272212213 38427
34561272213122 23149
34561272232211 32259
34561273221233 20812
34561273233131 23571
34561273311233 22622
34561273313321 30424
34561273321133 28889
34561273321223 22393
34561721111111 21927
34562171321111 15445
34562171321231 21532
34562172232313 18486
34567212223232 23624
34617252111212 27342
34617252123212 28441
34617252132212 23368
34617522221333 19289
34621572132131 16437
34625172111212 27760
34627512232313 17757
34651271123111 15730
34651272332132 17071
34675212222122 30440
34715262221123 21376
34716522223211 27670
34721652121313 26264
34721652131213 21195
34721652221222 25883
34721652222212 26175
34721653333313 22906
34725611212211 15791
34725612111113 14672
34725612121322 31021
34725612231212 31119
34725612231332 21424
34725612322232 19362
34725612331322 21440
34725613111112 26725
34725613111133 16337
34725613132223 15164
34725613311113 14994
34761252323222 13185
35126741232212 20121
35126742231233 29598
35127462331331 22418
35162472122231 17725
35162472123233 25681
35162473122221 18538
35162473323131 15045
35162473332122 22883
35162473332131 18418
35162742213323 17314
35167242132212 25807
35172461232323 23918
35174262213131 19666
35174262231113 33341
35246171111111 18777
35246171113322 19540
35246172213311 16649
35267141223233 15333
35267141321132 29469
35271461322233 16332
35416721113112 15205
35416723232213 26631
35417622223133 30390
35426712131132 19824
35426712311312 20995
35426713111313 18811
35426713131113 16017
35426713312211 16719
35461271111231 18625
35461271321231 15790
35461272222323 19992
35462171131313 16583
35462171212121 17392
35462171221223 14407
35462171332331 18606
35462172213311 17343
35462172223331 20934
35462172312131 20053
35462173123211 17599
35462173131311 19171
35462173221221 17216
35462712322322 22144
35472163222313 13502
35472163231322 20317
35476122221111 20703
35614722321233 19925
35617423131332 19653
35624712121232 29730
35624712321212 35338
35624712321332 28318
35624712331232 22841
35714623111322 23511
35721642221213 35167
35762142222113 16677
36125471111333 16421
36125471212112 20571
36125471213111 14119
36125471222111 25383
36125471312111 13663
36125472111311 14671
36125472121223 17928
36125473111211 15109
36125473232222 22298
36125473323233 15964
36125743222331 25630
36127451333222 16268
36145272122222 19848
36145272131213 37120
36145272131312 29176
36145273333313 29927
36147251121311 20234
36147251131211 29751
36147251211131 16294
36147251311121 15524
36147252111113 16634
36147253111112 14561
36152741231312 28385
36152742131321 24211
36172452133133 27941
36217452131333 23957
36217541223311 13984
36217543213112 16914
36241573212332 15139
36241753212311 17945
36415272123212 27574
36417522123311 25624
36514272212111 26703
36521472113321 21376
36521472331121 15633
36527411131133 16408
36527412111113 14710
36527412131222 24240
36527412211322 32886
36527412221312 25812
36527412231122 26872
36527412322232 18899
36527413111112 26224
36527413311311 13857
36541272323222 13307
36542712121322 28747
36547212121313 21428
36547212122222 31978
36547212131312 25312
36547212221222 30226
36547213331333 20816
36712542121112 29639
36712542121121 26036
36712542121211 26917
36712542122111 19013
36714252232223 18813
36714521232113 29219
36714522121322 25645
36714522122213 24625
36714523132223 20892
36714523132322 15968
36721451131331 14537
36721452121322 21772
36721452122123 11749
36721452122213 25359
36721452122321 18470
36721452131111 20976
36721452223232 15122
36721453113113 18142
36721453121111 24309
36725411121212 34551
36725411131313 21795
36725411212121 24096
36725411313131 29881
36725412111212 35823
36725412121112 32550
36725412121211 33825
36725412121232 30909
36725412123212 33909
36725412321212 33402
36725413111313 23725
36725413131113 20127
36725413131311 38155
36741252122123 21029
36741252122321 28770
36741252122333 22182
36741252123323 30885
36741253233131 24495
36745211211221 12554
36745212121223 13446
36745212122312 27336
36745212122333 19598
36745212123323 14697
36745212131111 16205
36745212223232 19252
36745213121111 25241
36745213131131 13859
36745213133111 17189
36745213232213 16631
36751243222322 21116
36752142122132 24144
36752142123221 13960
36752143132232 16618
36752143133222 15671
36752143211132 24611
36754123232222 29056
37246511112233 24081
37256142321233 24312
37415622333221 26506
37426513132313 25387
37452162323312 15885
37516422333311 19608
37561241311112 13408
37612453122233 20802
37612542221111 21305
37614252221123 17828
37614521111111 20100
37614521323232 14099
37614522111221 14983
37614522113321 25116
37614522313322 20379
37614522323312 16561
37614523232213 23425
37615421113322 23597
37615422211133 22058
37615422223133 27269
37615422313121 25811
37615422313331 27461
37615423121132 21917
37624152311213 25273
37624511232233 16789
37624512121322 35773
37624512231212 29089
37624513131323 20194
37624513231313 19350
37641252222323 23418
37642152213311 21109
37642513122221 15261
37645122312221 14793
37651242211133 28161
37651422312311 22327
37652141113232 20938
37652143231322 19397
37654212311222 28396
41236753232321 19096
41237561313131 33061
41263751312222 32535
41325671212211 18549
41325762313223 21700
41325763131233 17194
41352671212112 23641
41352671212121 25228
41352671222111 26113
41357622313112 15223
41367253111133 20682
41532672313211 51880
41532761233133 18020
41563273113311 22309
41576322212222 18614
41625372313211 65323
41625373121213 20748
41625731222231 21448
41635721212121 26461
41657321222312 16685
41673252212222 25680
41673521111111 18994
41723562313211 26817
41725361232113 20026
41725361321213 27120
41725362221213 22745
41725362313211 34713
41725362313223 29076
41725363121222 26792
41725363121231 25932
41725631111111 27504
41725631211122 17660
41725632322331 14193
41725633111133 20405
41725633121123 18048
41725633211111 17843
41726352313322 27597
41726532312233 25702
41735261323313 21519
41735262312233 30954
41735263123223 15780
41735621233232 17287
41735622313322 26885
41736521233232 19177
41736522332231 19162
41752631222123 18859
41752632311123 19744
41752632312323 17982
41752632313211 87270
41756231321213 25693
41756233121231 19150
41762532221333 20599
41762533123331 19706
41765231233232 15999
41765322221312 16824
41765322313211 46601
41765323122212 16218
42136752131312 27382
42137561123333 21270
42137653122131 21069
42137653132121 15512
42157633231322 27938
42163751121212 25765
42165373223123 11275
42167532131333 27442
42315673112111 14779
42351671212211 20919
42351763231133 35002
42367153111121 15521
42367153211123 18424
42516372233111 23112
42561733323122 15092
42573612323231 16560
42573613322231 15258
42613572313211 23070
42615371313332 28703
42615372213311 24717
42615372221213 20894
42615372313211 32919
42651372213311 13828
42651733311122 18744
42673512232133 17419
42751632321233 25585
42751632323231 19486
43126572133313 27915
43167251232212 23331
43176252123131 17638
43176252311132 14419
43216573132121 15009
43216573132223 18471
43216573212311 16804
43216573212332 21815
43512671313332 22343
43527612312323 18407
43561271111111 19500
43571262122222 20767
43572161111111 15669
43572612312323 19686
43576211123222 24163
43576212112232 23287
43615271333312 14200
43615272113321 20966
43617521223221 23389
43621752213323 26443
43651722323132 18254
43675122222122 27533
43675211221331 15290
43721653231313 22185
43751623123313 26910
43765212222122 34613
45167323322231 14190
45176231131313 42917
45176231133113 38144
45176231331113 34997
45176233131113 44198
45176321131133 56329
45213672221123 18511
45273162222122 21238
45276131131133 25792
45312671222312 14056
45312672223331 24988
45312672233321 21003
45312672313211 60721
45312673132313 25604
45312673222112 13589
45312673231313 29471
45312761113211 19536
45312761133311 21345
45312762221111 24883
45312762311111 22843
45321671212211 22164
45321671221121 21509
45321673113311 33985
45327612222323 21675
45362712122222 27612
45367122223133 29990
45367211111132 20733
45367211211122 26251
45367213111133 22430
45376121131133 33520
45376121331311 21779
45376211333123 14953
45376213131323 24689
45376213333322 19936
45612371133221 16982
45612372331121 15789
45612373112231 18100
45612373132121 14544
45612373132223 23581
45612373322111 13645
45612373332122 12589
45612373332221 17647
45613271331221 16223
45613272233111 28987
45621373123331 23209
45621373211111 31856
45621732212123 19237
45621732233333 23098
45623712332123 15521
45623713322321 12269
45637123132121 15116
45637123332122 13863
45671231132231 12522
45671233112132 16860
45673212212132 18534
45673213211222 24556
45713623223132 16803
45721363321313 18281
45721363322231 17761
45732612233321 12998
45736121122211 25665
46123571111111 20659
46123573232123 34431
46125731333123 16464
46127351131313 26640
46127352131333 33152
46127353131323 35453
46135272133313 33056
46153273131131 24695
46157233333232 20938
46157321331233 24250
46215372121223 14895
46215372313211 42014
46257132211133 25445
46257313312211 38475
46273512122312 20307
46273513221212 21003
46275311123222 23715
46275312112232 23745
46275312132212 22064
46275312232133 20146
46275312313211 28002
46275313121222 29840
46275313312211 26844
46321752111131 22184
46352171211233 16180
46352172113231 13972
46372511221331 17162
46375211211332 14099
46375212113111 18691
46375212132131 14279
46375212132221 16017
46375212332222 19105
46375213112111 23764
46375213123121 18973
46375213333121 12892
46512371331221 19373
46512372113321 23500
46513272332111 13729
46513273113221 16919
46523711331332 16787
46527133111121 16339
46572311223122 18855
46572312132122 19553
46721533123313 25244
47123562232133 31372
47123651233232 16067
47126351233232 19101
47126532133133 24435
47132562311111 23020
47132563222331 21331
47132652233321 23865
47135622132332 16223
47136252133112 33940
47152361233232 14934
47152631322131 16946
47156231332313 26303
47156233211132 15953
47156233223312 14974
47156233233113 27818
47156233322312 14746
47156321111111 23552
47156321133311 20690
47156322132311 16744
47156322313232 11914
47156322332132 15262
47156322332312 15699
47156323223123 14413
47162351322122 14766
47163522131222 15447
47165321232113 25567
47165321322131 24568
47165322132212 30494
47165322133112 35841
47165322232133 25105
47165322313211 25815
47216352131333 25460
47251363131113 22869
47251632131312 23463
47256133212311 19809
47256133321232 20788
47265312122222 23460
47265312131312 22122
47265312313211 53962
47321651311133 21312
47352612123131 15753
47352612311132 18195
47352612313211 29566
47512632312323 12764
47621532232331 12176
47621533231121 16708
47632152233321 18815
47632153212311 19091
47632153232321 18335
47632513212332 23788
47652132231323 21747
47653213211231 22521
47653213232111 15216
51264731113322 14385
51264732213311 16848
51267342312233 34469
51324671211122 17691
51324672212111 27900
51324673113311 25123
51324761111123 22501
51324763113332 17298
51342672212111 23025
51342763312223 64198
51367241211113 17480
51423671221331 15391
51426731111111 23127
51426733312211 20414
51472361131313 21361
51472633331312 31828
51623471321111 16915
51623743313321 25926
51624731312123 22015
51624733323113 27239
51632741323232 16706
51642371122313 21991
51642731113322 24578
51647231113232 15209
51723643131311 25982
51724362122222 16394
51724363121213 22316
51726433123313 21125
51732643121213 22194
51742632323231 27863
51742632323333 20566
52134761232113 21306
52147631121311 21964
52147631131211 27961
52147631211131 12911
52147631311121 16000
52147632111113 17147
52147633111112 20429
52163471112122 15763
52163471213111 12295
52163471312111 15812
52163471333123 12668
52163472111311 14030
52163472131222 20907
52163473111211 14552
52163473111331 15001
52163473221323 14042
52163473323332 22650
52167342121232 23374
52167432121313 19070
52167432122222 30338
52167432131213 28885
52167433133333 30472
52167433331333 23183
52174633223123 16428
52314673311311 31540
52314761322122 14389
52341671111111 61224
52341671122211 18618
52341671311313 16655
52341672211112 24237
52341672232313 15766
52341672323222 22078
52341672323312 27279
52341673133111 17957
52341673232213 19528
52341673232333 15245
52341673323212 27855
52361472121313 29927
52361472131312 24616
52367142211121 20740
52367412322232 21275
52374161112323 16401
52376413222223 18288
52463173212332 21274
52463713212332 23722
52471631223113 18810
52471631323112 16635
52614372313211 34577
52641733212311 15219
52641733232321 15581
52673413232123 12535
52713461232323 17191
52714361232113 23369
52714633213223 14292
52714633223123 13664
52731641233112 13552
52731641323112 14482
52736141322233 22754
52741362313211 21506
52741362313223 23031
52741632122333 26089
52741632123323 33040
52741632212213 22787
52741632212231 21722
52741632232211 20210
52741633221233 19058
52741633313312 19714
52741633313321 21951
52741633321223 28094
52741633323311 19363
52743611111213 18080
52743611111312 28931
52743611112131 17501
52743611113121 20027
52743612131111 15569
52743613121111 18388
52761431111213 19645
52761431111312 21899
52761431112131 17149
52761431113121 17863
52761432131111 16551
52761433121111 15330
52763143222331 23140
52763411222312 30176
52763411333123 18034
52763413222112 30197
52763413223312 32258
52763413322312 32141
53126471231231 20091
53126471231321 21709
53126471321321 20236
53146272123233 24378
53147262123131 18601
53162743312223 38974
53274163211222 26042
53421671321111 24614
53421671321231 14339
53426171112233 18422
53462711113322 24227
53467211321111 13753
53476121323112 18493
53476121323322 19993
53614721212121 19345
53621471331221 15474
53642171111111 14976
53672142221213 34154
53714622233111 31676
53721463223312 18981
53724612121112 29089
53726143333121 14264
53741621323112 18492
53741621332112 16731
53742612323333 20602
53761242121211 25584
53761242221213 26266
53761242321212 25176
53762143222331 16611
53762413322123 17228
54123673233323 23230
54126371331221 15903
54127632131213 27909
54127632222212 19971
54127633131212 26051
54127633133333 30508
54127633333313 27427
54163271133221 17359
54163272233111 34922
54167231121113 17908
54167231131112 26123
54167231221211 18721
54167231333213 20207
54167232112112 14392
54167232133313 31954
54167232333113 19898
54167233232333 24241
54167233331213 30142
54172633132313 30126
54217362233213 34324
54217632132212 32740
54231671123111 15716
54231673123121 12546
54261373123121 12672
54261732231233 18231
54276132233312 19863
54312671131331 17351
54312672212111 14289
54312673311311 30574
54317261113112 16423
54317621111222 18231
54321672212213 28879
54321672212231 24337
54321672232211 27430
54321673313312 34769
54321673313321 38696
54321673323311 37280
54321761211221 21115
54321763113113 24509
54326171111231 23327
54326171112233 17499
54326171321231 17934
54326711112212 22932
54327612223232 20900
54361272223232 17517
54362171113133 20406
54362711111231 13496
54362711323112 18673
54367121112212 19012
54367121113211 16636
54367121113331 25443
54367122211121 16438
54367122311111 19166
54367123311113 17622
54367211132222 25541
54367211213333 26467
54367211222132 31161
54367211333213 21554
54367212211322 32731
54367212231122 28810
54367212233213 19367
54367212332213 20846
54367212333113 21059
54367213112222 30707
54367213312133 26255
54371261113331 16978
54371621113112 22295
54371621113322 13024
54376121322233 25721
54376211111132 21112
54376211111222 22237
54376211113133 17829
54612371112311 23861
54612372222131 15865
54612732112223 24210
54612733322213 24759
54621371133311 20441
54621372211121 25631
54637211132111 13697
54671232221213 24229
54712361323313 23617
54712362223322 30131
54716232222113 22056
54716321112323 25371
54716322313223 23436
54721631111111 88888
54721631122121 16836
54721631311133 21689
54721632133232 14272
54721632212222 25141
54721632212231 22016
54721633231322 18330
54721633313321 21370
54721633333331 17853
54723612131312 32564
54723612221222 32279
54723612222212 25198
54723613121312 32664
54723613333313 18828
54761233322321 15740
54763212322232 18414
56123471222312 18849
56123471223221 20084
56123471331332 25840
56123471333123 20732
56123472322121 20506
56123472331331 20842
56123473133132 23573
56123473133231 20108
56123473222112 20718
56123473223312 17665
56123473322312 17149
56124371111231 12662
56124371232323 25894
56127433332323 22895
56132472333332 27646
56132473211111 17748
56132473213211 15071
56143273332323 24959
56147231222132 37871
56147231333213 23962
56147232233213 28012
56147232332213 28825
56147232333113 24772
56147322333233 40395
56173421113112 12994
56174232323333 20624
56174321232113 30857
56213471111111 23441
56213743313333 38277
56243173133111 23805
56243713121333 18669
56247132333233 16593
56271433111313 28003
56271433123313 21421
56271433132313 29173
56274132331133 18469
56274312313211 29408
56321473233323 18731
56321742211112 25269
56324171221331 15165
56327411211332 16213
56327413213112 15536
56341273121213 26800
56341273131212 23041
56347122333233 22923
56347211213111 17733
56347211222132 22336
56347211312111 17962
56347211331131 12099
56347212111221 23118
56347212111311 22306
56347212123233 20259
56347212232223 15589
56347213111211 21289
56347213131332 18469
56423171231231 16485
56423171231321 16321
56423171321321 15324
56423172112121 20728
56423173132121 14979
56423173133111 15704
56432713122122 25416
56712341232113 14259
56712343211123 21848
56721343123331 22775
56721432312233 28947
56723411113313 13671
56723411121113 15886
56723411131112 27028
56723411222312 16966
56723412122312 19932
56723412323222 19664
56723413221212 22590
56723413222112 16957
56723413331111 14703
56732143122113 21164
56741231121311 19955
56741231131211 28832
56741231211131 24599
56741231311121 15683
56741232111113 18918
56741233111112 18836
56743212122222 29743
56743212221222 34583
56743213121213 24100
56743213121312 26122
56743213331333 24383
57123461111111 20447
57164322131312 22331
57214361323232 12986
57214632212213 36567
57236141113232 19554
57236141322233 19530
57236141323232 21317
57241631322113 12346
57241631323112 12556
57246131112233 23723
57264132111323 26105
57321641311112 14756
57321642311132 16740
57364212213311 29412
57364212313211 22511
57364213332122 17493
57642311113322 19300
61234572231323 24028
61234573232213 18924
61235741313131 41120
61257343232123 20764
61274351313131 27759
61274532231323 22462
61352472233321 12491
61352472313211 56938
61452731311313 18039
61453721111111 18353
61453721311112 16282
61453723111121 13757
61472532123332 19801
61472533112111 13274
61527431111111 24307
61534272311132 27360
61534721112311 14994
61534721113211 13463
61543271111111 25571
61543271112311 20984
61572432312323 17774
61734523222331 23649
62134572321323 19028
62135471122121 25681
62135472132131 15973
62135473122131 19817
62135473123121 26135
62135473131131 21330
62135473132121 19268
62135473232231 17206
62135473322321 12909
62135743222331 14746
62135743312223 29186
62147353123121 21983
62147353132121 17017
62154733321121 11874
62157342132212 26007
62173543232132 17965
62174351122133 25612
62174533311212 20095
62317453112111 14534
62317453312211 19097
62351743112123 30766
62371453311311 16611
62374511322311 15048
62374513112321 18154
62374513312112 13717
62435172211133 26851
62435172311132 34762
62435711222222 20769
62453713311122 26118
62471532232133 20395
62475131322323 14331
62531472321233 23307
62543711211113 14228
62543711311112 19690
62571432321233 27180
62735143223213 20739
63125741112323 26771
63125743131233 21393
63125743133312 19462
63142571111111 20157
63142571132321 39531
63142573112123 29010
63172452312323 13634
63172452313211 32761
63174522332132 15234
63247511123132 19991
63251743133231 19882
63452711311313 17438
63452712333221 16964
63471522123131 22386
63471522323132 20699
63471522332132 15450
63472512123332 25014
63512743313333 36367
63541271212211 37836
63542713121333 29954
63574212123131 11924
63574212313211 30552
63712542221111 19860
63714252123131 26736
63714521112323 29418
63714522332132 13889
63721541233322 17100
63724153121213 28061
63725141112323 30882
63725141233121 19022
63725142123131 33922
63725142223133 33895
63725143122113 20975
63725143123313 27775
63741252222323 21238
63741522123131 22591
63742511232221 16864
63745123122212 13510
63751242221321 20921
63751423122311 21229
63752141111111 19528
63752141122211 23824
63752141123213 18265
63752142332132 18541
63752143123223 13147
63752143212323 17483
63752143223123 15301
63752411223212 16297
63752411333213 20382
63752412312323 22377
63752412322112 15709
63752412333113 23688
63754213122122 22295
64125371131313 30840
64157321133212 48463
64231572311132 19642
64257131113223 18361
64271533221212 21051
64275131212223 27429
64275131312123 22148
64275132211133 31468
64275132232133 25996
64275133231112 22238
64275133312211 17673
64275311112332 21239
64275311222222 20944
64275313312211 20872
64321572111131 23558
64321572132131 19647
64321572311132 19164
64325713121222 40585
64351272132131 18159
64357212313211 23573
64357213231322 36705
64357213312211 28008
64531271212211 38177
64531272132131 16037
64531273122131 15406
64531273123121 15106
64531273311311 16049
64531273312211 21086
64572131122223 15285
64713253112111 13687
65123471112311 15999
65123471233232 13843
65123472312311 18671
65132471212112 20242
65132471222111 14695
65132471231321 24290
65132471323121 16145
65132472131231 17899
65132472212231 22868
65132472233321 28467
65132473111331 16146
65132473313312 12881
65132473323311 16340
65132741223323 13887
65132743222331 18162
65134721233232 15410
65147321232113 30075
65172431132333 27268
65174232123131 18819
65174232133313 28615
65174232323312 21890
65174233323212 19982
65174233331213 28264
65174322313211 20489
65174323223123 15184
65213741111111 21007
65241371111111 28120
65243712121322 32341
65271341332331 19192
65271432231233 18905
65274131111111 23669
65274131311313 14399
65274131312213 18030
65274132123332 22229
65274133132223 16589
65274133232321 15013
65274133312223 23361
65314272311132 14375
65314272313211 30666
65321472111122 21072
65417321232113 22418
65417323223123 16786
65417323232123 18995
65423713321322 26746
65432173232321 18928
65471231132213 24116
65714323223123 19429
65723143321313 17947
65732411333123 26840
65742311212313 16692
67132541133311 47027
67145323133312 20507
67154233323332 24973
67215343333133 26824
67231541323112 21957
67231543323122 18318
67234513332122 16243
67245131313323 17568
67245311112311 29660
67245311133233 19903
67254311131133 26164
67254313311113 15041
67312452233321 20984
67312541121221 16529
67312542221111 25938
67321451111123 22804
67321451112311 14518
67321451212211 33145
67321451311133 23652
67321452111122 21109
67321453113311 20667
67321542232133 17161
67341252222323 23272
67342512222113 17928
67345122223133 35194
67345122232133 30229
67345211111123 12210
67345211111132 19384
67345211112233 18262
67345211113322 24391
67345211211122 26314
67345211311133 18337
67345212111122 24269
67345213111133 21907
67354121111111 20998
67354211212121 14986
67354211313113 28698
67354211333111 21405
67354212111221 15596
67354212212222 20365
67354212311132 21321
67354213111313 25509
67354213131311 24144
67354213211132 22645
67354213313333 18529
67412353132121 19269
67412353332221 17499
67412531131133 17434
67435121332112 13450
67435123123121 13648
67452313321232 32340
71234563231322 19936
71263541333222 27339
71263542323123 25731
71264533131323 21311
71264533221323 21397
71264533231223 27508
71264533231313 26092
71326451211311 16164
71326453132121 15519
71326543333313 33030
71345262132131 15361
71362453113311 21606
71365423331312 26981
71423563213232 16181
71423653213232 15468
71426353312211 22666
71426533333223 28035
71432561232323 15780
71432561323232 15293
71432562111221 16056
71432563232213 19283
71432563323113 18421
71432563323122 20711
71432563332113 19570
71435261322233 26198
71435262222122 22112
71435263211123 25433
71435263311122 26891
71435263333133 23243
71435263333223 23750
71435623333331 24927
71436253333112 21966
71452363213232 15904
71452632222131 25654
71453262222221 21034
71453623311122 29685
71456321322323 22351
71456322111221 16466
71462531113322 23168
71462532111212 16773
71462532121112 16216
71462533111223 20996
71462533221113 20681
71463523331222 15979
71523463131311 27553
71523463231313 22738
71523463331312 26695
71532463221332 15374
71534262122222 18551
71542633132322 22152
71543622111131 14362
71543623111121 15478
71546233331213 27842
71546322231212 22209
71562433123232 13331
71563243221221 18922
71625433213133 26855
71643252231212 24559
71643523331213 39084
72134562312212 21331
72136541322233 13127
72143563222331 13800
72143651121113 22397
72143651131112 24023
72143651213111 12431
72143651312111 16068
72143652111311 14584
72143653111211 14082
72145631233223 15105
72145633232231 15930
72145633312223 25045
72146352232223 27960
72163452122222 29530
72163453121213 23593
72163453131212 29798
72163453133333 24112
72163453331333 27962
72164353131113 27352
72165431113331 13487
72165432111113 16147
72165432111122 20548
72165432211112 15118
72165432323312 12066
72165433111112 13892
72165433121333 21923
72165433221233 15668
72165433233323 25310
72165433321223 13504
72165433331213 23762
72345611111111 22323
72345611133113 13109
72345611221223 13466
72345611222222 19593
72345611331332 14424
72345612122111 18326
72345612331331 12632
72345613221221 11300
72345613333331 16908
72356141112323 17163
72356141232113 13536
72356143211123 16221
72361453232333 13981
72361542333233 29532
72365412222212 21918
72365413121312 31795
72365413131212 22913
72365413331333 17639
72435163333313 22521
72513641232323 18603
72513641233322 17878
72516342313223 22630
72531463321232 21072
72534163211123 23044
72541631111213 19931
72541631111312 22744
72541631112131 17021
72541631113121 18552
72541632131111 14624
72541633121111 19505
72543162311111 14375
72543163211111 16158
72543611221223 19640
72543611223221 20728
72543611331332 21837
72543611332331 20008
72543612331331 20572
72543613132232 24273
72543613133222 19011
72543613221221 19586
72543613223312 23228
72543613322312 24392
72546311323112 15454
72546313323212 19928
72561342313223 24386
72561432213122 32207
72561433221233 20214
72561433311233 33447
72561433321133 25608
72561433321223 24715
72563411111213 17463
72563411111312 23942
72563411112131 25247
72563411113121 16940
72563412131111 15337
72563413121111 15404
72643513212311 19702
72643513212332 15528
73125463133132 16891
73146522113231 13315
73246153312211 14703
73456123231322 21786
73516243323113 15379
73516243332131 15482
73541262321212 24574
73542163321133 25896
73542613132121 15886
73542613132322 16958
73564213321322 26014
73614251112323 20599
73615241112323 29706
73615241113322 24276
73615242223133 29131
73615243123313 26369
73615243213313 29555
73615243331312 19787
73615243332311 19757
73615421113322 17031
73615423213211 28852
73615423333331 20314
73624513121132 36562
73624513332131 20086
73625141112323 20969
73625143121213 22046
73625143333313 14227
73625412222323 19513
73642511111111 23437
73642511113232 26569
73642511113322 23456
73642513223222 25301
73645121113211 17753
73645122222311 19025
73645211223113 13910
73645211231111 18238
73645211321111 14354
73645211332112 21401
73645213112231 15980
73645213333112 20425
73651241113322 15721
73652413211312 22102
73652413331321 17369
73654122111122 26004
73654122221111 17374
73654211111132 22519
74123563323221 13943
74123652322121 20772
74123653132232 29238
74123653133132 21538
74123653133222 20241
74123653133231 19938
74125631313311 13004
74125632121121 18735
74125632122111 17859
74125632131111 24319
74125632321332 15707
74125633121111 21040
74125633131233 20919
74125633132232 12794
74125633133222 15206
74125633133312 24672
74125633332323 23274
74126352333122 26701
74132561321231 19903
74132562121121 19124
74132562122111 17876
74132563131221 22934
74132563132112 17789
74136522322121 18760
74152363132232 19699
74152363133132 18862
74152363133222 22024
74152363133231 17117
74156322122123 17581
74156322122321 16141
74156322313223 17745
74156323132331 13924
74156323133123 17634
74163251121122 17180
74163252112211 13589
74163252131111 28525
74163253121111 18960
74163253131332 20060
74163253133132 16492
74163253133213 22406
74163253133231 16034
74163253332323 18230
74165231121212 22197
74165231131313 30169
74165231212121 29361
74165231313131 21654
74165232111212 30770
74165232121112 24357
74165232121211 20870
74165233111313 33829
74165233131113 31324
74165233131311 34081
74165233131323 32515
74165233132313 38053
74165233231313 35548
74213652323132 17183
74251633111313 24530
74256311321222 36046
74256313111232 34951
74265312333233 17142
74312652333332 15910
74321563311131 22575
74321653233323 22394
74325163131323 20015
74325612221222 28616
74325613121312 31865
74325613131212 25949
74325613133333 16813
74361253112132 21322
74361253211231 14364
74365211121221 14017
74365211213111 17267
74365211312111 18509
74365211313113 18599
74365211333111 13403
74365212111311 16653
74365212222323 13529
74365212333332 17461
74365213111211 17787
74365213121333 17335
74512361322233 22239
74512362313223 17189
74513263121222 29828
74521632222212 25342
74521633121213 21977
74521633121312 22725
74521633133333 26027
74521633333313 26430
74523611121113 16158
74523611131112 29988
74523611213111 18188
74523611312111 13301
74523612111311 16978
74523613111211 14056
74532163123223 15180
74561231111222 16658
74561232111113 17499
74561232221111 21169
74561233111112 18966
74561233131233 14346
74561233233323 21007
74561233311233 14552
74561233321133 20135
74561233321313 23412
74563211232332 17461
74653213133222 18568
75132463233233 20521
75143263231313 30323
75146321323331 16413
75213642223133 22311
75231463211123 34131
75234161322233 20236
75234162221111 19933
75236143213232 16896
75241632222323 19945
75243162211322 38631
75243611113232 19739
75243613213232 16192
75246131333312 17888
75246311111111 43458
75246313212311 22190
75246313312211 21375
75246313332332 17676
75261432123233 22359
75264132121232 25422
75264132223331 22116
75264132321212 16590
75264133121333 22679
75264133331213 19122
75264311223122 20222
75264313231112 22156
75312463333133 32385
75314621133221 15630
75314621313212 31272
75314623113122 13665
75316241231231 18194
75321461311112 15124
75321463132121 14647
75346122133133 20736
75346211133122 19699
75346211211311 21262
75346211311211 15157
75346212323333 22075
75346213112132 12893
75346213132121 14315
75346213132322 24004
75346213332122 19806
75412631223332 15436
75416323232213 22995
75431263133213 23331
75462132123212 33463
75613243131332 20731
75613243133213 16561
75634123323122 20472
75641323232111 17985
75642132213311 14209
76123453233323 20858
76125343333133 28369
76143252131312 28741
76143252221222 15935
76143253131212 31040
76143253331333 20480
76143253333313 36811
76145231121113 18331
76145231122112 31218
76145231131112 26917
76145231221112 29907
76145231311331 13430
76145232123332 15319
76145232233213 32774
76145232331313 21142
76145232332213 33461
76145233133213 23776
76145233232333 18885
76154323333112 21031
76213543213133 24251
76213543311332 16927
76215341231231 16540
76215433333133 26974
76231451123111 15886
76245311121131 14192
76245311131121 13936
76245311213312 17869
76245312132131 16393
76245313122122 18234
76245313123121 15947
76253141123132 13171
76253141211332 16006
76253413322312 20052
76254133311323 39352
76254313211111 35153
76312452212111 24211
76312453211111 19003
76312453311311 19236
76312542321212 15942
76312542322121 14138
76312543322222 23897
76315241112113 19828
76315241113112 16439
76315241223113 16946
76315241322122 14765
76315241323313 18709
76315241332112 13424
76315243211231 14228
76315243323323 19060
76321452122123 20434
76321452122321 25525
76321452122333 22168
76321452123323 32052
76321452212231 25137
76321452213122 23446
76321453233131 20522
76321453311233 26712
76321453313312 25466
76321453321133 35940
76321453323311 26393
76321542211112 29860
76321543211111 20629
76321543311131 23258
76324151112233 18943
76324151112323 22042
76324153323122 15188
76325411111213 15918
76325411111312 34218
76325411112131 14003
76325411113121 17584
76325411122121 15154
76325411331311 15139
76325412112121 19042
76325412231212 33807
76325412333233 16475
76325413222223 16364
76341251111213 22577
76341251111312 21965
76341251112131 22341
76341251113121 17115
76341251221121 17377
76341251311313 20699
76341252232313 19652
76341252323333 18549
76341253221212 23661
76341253233131 14540
76342511111231 13001
76342511111321 17364
76342511323112 14471
76342512232223 17021
76342513213112 21890
76342513322111 24817
76342513323122 17013
76342513323212 20751
76345122211112 18011
76345122211121 15937
76345122213311 16313
76345122311111 20171
76345123211111 16676
76345123311113 17952
76345123311131 17752
76345123312211 16576
76351421112323 24538
76351421113322 13950
76351423321232 18877
76354121121212 16962
76354121122121 14152
76354121311313 18099
76354121313131 20116
76354122111212 18417
76354122112121 17797
76354122212222 20607
76354123211123 20505
76354123211132 18449
76354123313333 28218
76354212213323 14425
76354212312233 20400
76354212313322 28230
76354212333332 20807
76354213222223 15368
76354213312223 14277
76421351131121 14838
76512343213313 33214
76512343332311 23911
76514321112323 25371
76514321232113 22506
76521433232333 14293
76523413223231 16951
76524313331222 25589
76541232131213 30685
76541232221222 17771
76541233121213 25198
76541233331333 18248
76541233333313 21281
76543211111111 44005
76543211212112 24661
76543211223221 13829
76543211332331 11216
76543211333333 15823
76543212132323 13646
76543212222221 13424
76543212323213 15866
76543213113131 14897
